1. Statistik.

Die Militärpflichtigen des Landes bilden somit ca. 19/100 oder auf 1000 Einwohner 186,3, in S.-Weimar 184,7, in S.-Meiningen 190,1, in S.-Altenburg 191,3 und in Schwarzburg-Sondershausen 175,8.

10) Der Civilstand der Bevölkerung (1864) in ehelicher Rücksicht:

Gebiete. | Unverheirathete | Verheirathete | Verwittwete | Geschiedene
männl. | weibl. | zus. | männl. | weibl. | zus. | mnl. | weibl. | zus. | m. | wbl. | zus.
Gera { Stadt . | 5220 | 4570 | 9790 | 2399 | 2357 | 4756 | 200 | 557 | 757 | 25 | 35 | 60
{ Dörfer | 6323 | 6301 | 12624 | 3820 | 3748 | 7568 | 358 | 841 | 1199 | 15 | 29 | 44
{ District | 11543 | 10871 | 22414 | 6219 | 6105 | 12324 | 558 | 1398 | 1956 | 40 | 64 | 104
Schleiz { Städte | 2308 | 2264 | 4572 | 1358 | 1350 | 2708 | 158 | 366 | 524 | 6 | 11 | 17
{ Dörfer | 5821 | 5767 | 11588 | 3356 | 3388 | 6744 | 346 | 652 | 998 | 3 | 21 | 24
{ District | 8129 | 8031 | 16160 | 4714 | 4738 | 9452 | 504 | 1018 | 1522 | 9 | 32 | 41
Lobenst.- { Städte | 1353 | 1445 | 2798 | 732 | 742 | 1474 | 91 | 239 | 330 | 4 | 6 | 10
Ebers- { Dörfer | 5404 | 5821 | 11225 | 2768 | 2810 | 5573 | 333 | 727 | 1060 | 10 | 14 | 24
dorf { District | 6757 | 7266 | 14023 | 3500 | 3552 | 7052 | 424 | 966 | 1390 | 14 | 20 | 34
Das { Städte | 8881 | 8279 | 17160 | 4489 | 4449 | 8938 | 449 | 1162 | 1611 | 35 | 52 | 87
Fürsten- { Dörfer | 17548 | 17889 | 35437 | 9944 | 9946 | 19890 | 1037 | 2220 | 3257 | 28 | 64 | 92
thum { d. Ganze | 26429 | 26168 | 52597 | 14433 | 14395 | 28828 | 1486 | 3382 | 4868 | 63 | 116 | 179

Es kommen auf:

1000 Männer | 1000 Frauen | 1000 Einwohner
Unverh. | Verheir. | Verw. | Gesch. | Unverh. | Verheir. | Verw. | Gesch. | Unverh. | Verheir. | Verw. | Gesch.
Gera { Stadt . | 665,5 | 305,8 | 25,5 | 3,2 | 607,8 | 313,5 | 74,1 | 4,6 | 637,3 | 309,6 | 49,2 | 3,9
{ Dörfer | 601,3 | 363,3 | 34,0 | 1,4 | 577,1 | 343,3 | 77,0 | 2,6 | 588,9 | 353,1 | 55,9 | 2,1
{ District | 628,7 | 338,7 | 30,4 | 2,2 | 589,6 | 331,1 | 75,8 | 3,5 | 609,1 | 334,9 | 53,2 | 2,8
Schleiz { Städte | 602,6 | 354,5 | 41,3 | 1,6 | 567,3 | 338,2 | 91,7 | 2,8 | 584,6 | 346,2 | 67,0 | 2,2
{ Dörfer | 611,1 | 352,3 | 36,3 | 0,3 | 586,8 | 344,8 | 66,3 | 2,1 | 598,7 | 348,5 | 51,6 | 1,2
{ District | 608,7 | 352,9 | 37,7 | 0,7 | 581,2 | 342,8 | 73,7 | 2,3 | 594,6 | 347,9 | 56,0 | 1,5
Lobenst.- { Städte | 620,6 | 335,8 | 41,7 | 1,9 | 594,2 | 305,0 | 98,3 | 2,5 | 606,7 | 319,6 | 71,5 | 2,2
Ebers- { Dörfer | 634,6 | 325,1 | 39,1 | 1,2 | 621,1 | 299,8 | 77,6 | 1,5 | 627,6 | 311,9 | 59,2 | 1,3
dorf { District | 631,8 | 327,3 | 39,6 | 1,3 | 615,6 | 300,9 | 81,8 | 1,7 | 623,3 | 313,4 | 61,8 | 1,5
Das { Städte | 641,1 | 324,0 | 32,4 | 2,5 | 593,8 | 319,1 | 83,4 | 3,7 | 617,4 | 321,5 | 58,0 | 3,1
Fürsten- { Dörfer | 614,5 | 348,2 | 36,4 | 0,9 | 594,0 | 330,2 | 73,7 | 2,1 | 603,9 | 339,0 | 55,5 | 1,6
thum { District | 623,2 | 340,3 | 35,0 | 1,5 | 593,9 | 326,7 | 76,8 | 2,6 | 608,2 | 333,4 | 56,3 | 2,1
Verglichen mit: S.-Weimar . . | 598,9 | 358,5 | 41,3 | 1,3 | 572,7 | 345,9 | 79,8 | 2,3 | 585,5 | 352,1 | 60,6 | 1,8
S.-Meiningen . | 620,6 | 336,4 | 42,1 | 0,9 | 596,5 | 321,2 | 80,8 | 1,5 | 608,3 | 328,7 | 61,8 | 1,2
S.-Altenburg . | 603,8 | 357,1 | 37,2 | 1,9 | 570,5 | 345,3 | 80,7 | 3,5 | 587,0 | 351,1 | 59,2 | 2,7
Schwarzb.-Rudolst. | 612,1 | 344,0 | 42,7 | 1,2 | 582,8 | 330,8 | 84,3 | 2,1 | 597,2 | 337,3 | 63,8 | 1,7
Preußen . . . | 634,3 | 338,5 | 26,5 | 0,7 | 600,3 | 330,6 | 67,7 | 1,4 | 617,1 | 334,5 | 47,4 | 1,0
Würtemberg . . | 632,3 | 323,3 | 43,5 | 0,9 | 626,8 | 300,6 | 71,0 | 1,6 | 629,5 | 311,6 | 57,7 | 1,2
