I. Die Natur des Landes.

2) Für Hohenleuben:

Jan. | Febr. | März. | April. | Mai. | Juni. | Juli. | Aug. | Sept. | Oct. | Nov. | Dec.
1854 | 0,39 | -1,00 | 2,34 | 5,65 | 10,00 | 12,52 | 14,20 | 13,33 | 10,34 | 6,00 | 0,43 | 0,65
1855 | -3,22 | -5,36 | 1,27 | 4,55 | 8,87 | 13,39 | 14,22 | 14,41 | 10,12 | 8,85 | 1,52 | -4,07
1856 | -0,42 | 1,25 | 0,28 | 7,24 | 9,36 | 13,40 | 13,31 | 14,70 | 10,35 | 8,00 | -0,25 | 0,68
1857 | -2,11 | -0,48 | 2,00 | 5,98 | 10,74 | 13,64 | 16,08 | 15,75 | 12,12 | 8,87 | 1,93 | 1,05
1858 | -2,52 | -3,83 | 0,67 | 5,50 | 9,07 | 15,94 | 14,22 | 13,91 | 12,36 | 7,03 | -2,36 | 0,44
1859 | 0,10 | 1,21 | 4,58 | 5,75 | 10,16 | 14,01 | 17,33 | 16,14 | 11,15 | 7,91 | 1,55 | -2,15
1860 | 0,88 | -2,14 | 0,72 | 5,04 | 11,03 | 13,52 | 12,47 | 13,25 | 11,00 | 5,86 | 0,08 | -1,36
1861 | -4,79 | 0,74 | 3,48 | 4,28 | 8,72 | 14,89 | 14,80 | 14,75 | — | — | — | —
Mittel | -1,46 | -1,20 | 1,92 | 5,49 | 9,74 | 13,91 | 14,61 | 14,53 | 11,06 | 7,50 | 0,41 | -0,68
a) Wärmebewegung durch die einzelnen Monate:

Sommer-mittel. | Winter-mittel. | Höchster Stand. | Tiefster Stand. | Jahres-mittel.
1854 | 11,00 | 1,46 | — | — | 6,23
1855 | 10,93 | -0,17 | — | — | 5,38
1856 | 11,39 | 1,59 | — | — | 6,49
1857 | 12,38 | 1,88 | — | — | 7,13
1858 | 11,83 | -0,09 | — | — | 5,87
1859 | 12,42 | 2,20 | 29,0 | -12,5 | 7,31
1860 | 11,09 | 0,67 | 24,5 | -12,0 | 5,88
Durchschnitt | 11,58 | 1,08 | — | — | 6,33
b) Mittler, höchster und tiefster Thermometerstand:

3) Für Schleiz, von Dr. Mauke (1863 bis 1866) und vom Hausmeister des städtischen Krankenhauses (1867) beobachtet.

Jan. | Febr. | März. | April. | Mai. | Juni. | Juli. | Aug. | Sept. | Oct. | Nov. | Dec.
1863 | 1,74 | 2,07 | 4,33 | 6,99 | 10,64 | 13,75 | 14,10 | 15,38 | 11,18 | 9,04 | 3,80 | 2,37
1864 | -4,34 | 0,85 | 4,26 | 4,69 | 8,36 | 13,53 | 13,65 | 12,33 | 11,13 | 6,37 | 1,44 | -2,82
1865 | 0,33 | -3,86 | -0,49 | 8,17 | 14,14 | 12,09 | 17,45 | 13,80 | 11,79 | 7,69 | 4,53 | -0,44
1866 | 3,05 | 2,93 | 1,87 | 7,01 | 7,37 | 14,05 | 12,74 | 12,65 | 12,76 | 5,49 | 2,92 | 1,50
1867 | -1,1 | 2,9 | 1,20 | 6,1 | 10,3 | 13,6 | 13,7 | 14,9 | 11,9 | 6,6 | 1,6 | -1,5
Mittel | -0,06 | 0,98 | 2,23 | 6,59 | 10,16 | 13,40 | 14,33 | 13,81 | 11,75 | 7,04 | 2,86 | -0,18
a) Wärmebewegung der Monate:

Sommer-mittel. | Winter-mittel. | Höchster Stand. | Tiefster Stand. | Jahres-mittel.
1863 | 12,01 | 3,89 | 26,1 | -10,2 | 7,95
1864 | 10,61 | 0,96 | 23,0 | -16,1 | 5,78
1865 | 12,90 | 1,29 | 27,0 | -16,5 | 7,09
1866 | 11,09 | 2,96 | 23,0 | -10,0 | 7,02
1867 | 11,75 | 1,62 | 24,0 | -10,0 | 6,68
Durchschnitt | 11,67 | 2,14 | 24,8 | -12,56 | 6,90
b) Mittler, höchster und tiefster Thermometerstand:
