1. Statistik.

Jahre. | Geborene. | Gestorbene. | Mehr Geborene als Gestorbene. | Zunahme der Bevölkerung. | Mehr ausgewandert als eingewandert.
Landrathsbezirk Lobenstein-Ebersdorf.
1859 | 831 | 490 | 876 | -187 | 1063
1860 | 800 | 541
1861 | 814 | 538
1862 | 798 | 587 | 819 | 168 | 651
1863 | 868 | 537
1864 | 849 | 572
1865 | 899 | 762 | 555 | -145 | 700
1866 | 922 | 693
1867 | 863 | 674
Das Fürstenthum.
1859 | 3309 | 2165 | 3194 | 1554 | 1640
1860 | 3216 | 2023
1861 | 3169 | 2312
1862 | 3211 | 2170 | 3339 | 3112 | 227
1863 | 3411 | 2256
1864 | 3387 | 2244
1865 | 3513 | 2697 | 2779 | 1502 | 1277
1866 | 3620 | 2633
1867 | 3512 | 2536

8) Die Bevölkerung des Landes nach Geschlecht und Alter unter und über 14 Jahre (1837-1867):

Jahre. | Städtische Bevölkerung. | Ländliche Bevölkerung.
Ueber 14jährige | Unter 14jährige | Ueber 14jährige | Unter 14jährige
männl. | weibl. | männl. | weibl. | männl. | weibl. | männl. | weibl.
1837 | 8083 | 8100 | 3429 | 3405 | 15646 | 16835 | 8050 | 7943
1840 | 8396 | 8567 | 3522 | 3490 | 16139 | 17279 | 8206 | 8189
1843 | 8576 | 8775 | 3546 | 3546 | 16172 | 17506 | 8468 | 8294
1846 | 8748 | 9005 | 3618 | 3642 | 16980 | 18025 | 8562 | 8436
1849 | 8859 | 9000 | 3795 | 3865 | 16827 | 18231 | 8767 | 8619
1852 | 8966 | 9085 | 3972 | 4075 | 17173 | 18493 | 9075 | 8985
1855 | 8820 | 9094 | 4104 | 4016 | 17058 | 18732 | 9368 | 9011
1858 | 8819 | 9127 | 4203 | 3997 | 17640 | 19167 | 9571 | 9282
1861 | 8859 | 9320 | 4314 | 4190 | 17860 | 19587 | 9884 | 9346
1864 | 9466 | 9577 | 4420 | 4336 | 18715 | 20245 | 9834 | 9915
1867 | 9782 | 9950 | 4636 | 4554 | 18767 | 20226 | 9999 | 10060
